
[Batch] 状态: success | 总数: 7 | 成功: 7 | 失败: 0

| symbol | date | open | last | high | low | volume | amount | exchange |
| --- | --- | --- | --- | --- | --- | --- | --- | --- |
| sh000300 | 2026-08-20 | 4613.3 | 4592.75 | 4631.13 | 4569.23 | 200874189 | 554021067145 | 0.60 |
| sh000300 | 2026-08-19 | 4660.06 | 4588.7 | 4674.38 | 4568.07 | 2440701 | 705253510000 | 0.73 |
| sh000300 | 2026-08-18 | 4734.07 | 4725.81 | 4744.01 | 4687.53 | 2042455 | 619828730000 | 0.61 |
| sh000300 | 2026-08-17 | 4672.28 | 4741.1 | 4742.4 | 4662.72 | 1905693 | 657601750000 | 0.57 |
| sh000300 | 2026-08-14 | 4672.98 | 4665.88 | 4676.71 | 4637.13 | 1784307 | 549769610000 | 0.53 |
| sh000300 | 2026-08-13 | 4716.97 | 4663.95 | 4727.23 | 4661.88 | 2154996 | 690715960000 | 0.64 |
| sh000300 | 2026-08-12 | 4660.47 | 4690.92 | 4700.43 | 4657.69 | 1849391 | 575326280000 | 0.55 |
| sh000300 | 2026-08-11 | 4689.45 | 4663.79 | 4715.88 | 4660.47 | 2096991 | 645384760000 | 0.63 |
| sh000300 | 2026-08-10 | 4698.82 | 4702.02 | 4714.46 | 4659.47 | 2130760 | 733103400000 | 0.64 |
| sh000300 | 2026-08-07 | 4656.1 | 4694.44 | 4706.73 | 4649.58 | 2390720 | 788405760000 | 0.71 |
| sh000300 | 2026-08-06 | 4621.8 | 4651.31 | 4675.65 | 4611.07 | 2475107 | 747784200000 | 0.74 |
| sh000300 | 2026-08-05 | 4550.19 | 4658.15 | 4679.86 | 4550.19 | 2769219 | 879161150000 | 0.83 |
| sh000300 | 2026-08-04 | 4566.94 | 4600.93 | 4613.69 | 4555.25 | 2420736 | 698818110000 | 0.72 |
| sh000300 | 2026-08-03 | 4561.82 | 4543.18 | 4572.59 | 4529.19 | 2320426 | 615750950000 | 0.69 |
| sh000300 | 2026-07-31 | 4623.85 | 4588.2 | 4635.59 | 4588.2 | 2792437 | 832909110000 | 0.83 |
| sh000300 | 2026-07-30 | 4566.05 | 4549.72 | 4596.21 | 4478.21 | 2746511 | 803696970000 | 0.82 |
| sh000300 | 2026-07-29 | 4582.09 | 4600.26 | 4626.71 | 4516.32 | 2480824 | 751545090000 | 0.74 |
| sh000300 | 2026-07-28 | 4623.8 | 4569.52 | 4646.49 | 4552.23 | 2157050 | 652026890000 | 0.64 |
| sh000300 | 2026-07-27 | 4656.03 | 4702.43 | 4702.52 | 4615.53 | 2047869 | 604552360000 | 0.61 |
| sh000300 | 2026-07-24 | 4685.41 | 4649.19 | 4704.08 | 4642.94 | 2212612 | 626378640000 | 0.66 |
| sh000300 | 2026-07-23 | 4735.17 | 4728 | 4737.51 | 4698.87 | 2473317 | 741818580000 | 0.74 |
| sh000300 | 2026-07-22 | 4710.66 | 4717.24 | 4772.08 | 4692.83 | 2855564 | 921519270000 | 0.85 |
| sh000300 | 2026-07-21 | 4630.85 | 4739.23 | 4739.23 | 4566.28 | 3454036 | 1016727270000 | 1.03 |
| sh000300 | 2026-07-20 | 4575.67 | 4598.32 | 4628.8 | 4521.18 | 3331161 | 933403210000 | 0.99 |
| sh000300 | 2026-07-17 | 4661.62 | 4529.1 | 4663.53 | 4492.09 | 3026299 | 920822410000 | 0.90 |
| sh000300 | 2026-07-16 | 4711.53 | 4698.43 | 4771.06 | 4673.35 | 2515610 | 798830390000 | 0.75 |
| sh000300 | 2026-07-15 | 4797.94 | 4786.78 | 4826.86 | 4772.04 | 2786927 | 858314510000 | 0.83 |
| sh000300 | 2026-07-14 | 4691.12 | 4796.5 | 4796.5 | 4649.04 | 2832510 | 924097150000 | 0.85 |
| sh000300 | 2026-07-13 | 4745.44 | 4695.38 | 4775.24 | 4670.25 | 2786349 | 907944680000 | 0.83 |
| sh000300 | 2026-07-10 | 4887.54 | 4780.79 | 4906.49 | 4780.75 | 3041303 | 1083913070000 | 0.91 |
| sh000300 | 2026-07-09 | 4774.4 | 4876.31 | 4882.85 | 4734.87 | 2816277 | 947119400000 | 0.84 |
| sh000300 | 2026-07-08 | 4804.48 | 4755.53 | 4830.05 | 4751.4 | 2439287 | 783248980000 | 0.73 |
| sh000300 | 2026-07-07 | 4813.87 | 4792.26 | 4839.51 | 4756.73 | 2463060 | 762617510000 | 0.74 |
| sh000300 | 2026-07-06 | 4868.54 | 4842 | 4878.32 | 4789.8 | 2940505 | 907946020000 | 0.88 |
| sh000300 | 2026-07-03 | 4809.5 | 4842.17 | 4890.97 | 4809.5 | 3010676 | 942569890000 | 0.90 |
| sh000300 | 2026-07-02 | 4865.17 | 4812.3 | 4896.99 | 4800.48 | 3432438 | 1027796830000 | 1.03 |
| sh000300 | 2026-07-01 | 4972.69 | 4958.98 | 5017.38 | 4925.63 | 3429347 | 1101717530000 | 1.03 |
| sh000300 | 2026-06-30 | 4914.49 | 4979.43 | 4987.56 | 4914.49 | 3061502 | 985795210000 | 0.92 |
| sh000300 | 2026-06-29 | 4866.04 | 4926.92 | 4928.6 | 4827.15 | 3232161 | 1053723820000 | 0.97 |
| sh000300 | 2026-06-26 | 4981.83 | 4868.22 | 4981.98 | 4845.19 | 3411792 | 1068082660000 | 1.02 |
| sh000300 | 2026-06-25 | 4950.98 | 5020.1 | 5032 | 4944.88 | 3466643 | 1110040890000 | 1.04 |
| sh000300 | 2026-06-24 | 4900.38 | 4943.02 | 4953.23 | 4892.27 | 3122490 | 964945850000 | 0.93 |
| sh000300 | 2026-06-23 | 5048.03 | 4919.39 | 5064.27 | 4892.09 | 3427193 | 1047052860000 | 1.03 |
| sh000300 | 2026-06-22 | 4949.35 | 5059.66 | 5061.51 | 4928.46 | 3751001 | 1145900300000 | 1.12 |
| sh000300 | 2026-06-18 | 4916.04 | 4941.6 | 4976.89 | 4916.04 | 3344599 | 1021710710000 | 1 |
| sh000300 | 2026-06-17 | 4859.7 | 4931.39 | 4933.93 | 4859.7 | 2760540 | 850367580000 | 0.83 |
| sh000300 | 2026-06-16 | 4894.88 | 4884.23 | 4908.28 | 4866.06 | 2825847 | 857202590000 | 0.85 |
| sh000300 | 2026-06-15 | 4829.29 | 4891.71 | 4892.55 | 4803.18 | 3313161 | 914145760000 | 0.99 |
| sh000300 | 2026-06-12 | 4784.64 | 4777.32 | 4809.86 | 4757.56 | 3359221 | 871477330000 | 1.02 |
| sh000300 | 2026-06-11 | 4730.07 | 4722.41 | 4766.17 | 4685.5 | 2471771 | 653931760000 | 0.75 |
| sh000300 | 2026-06-10 | 4753.12 | 4748.59 | 4786.52 | 4718.99 | 2592971 | 694628420000 | 0.78 |
| sh000300 | 2026-06-09 | 4743.45 | 4801.81 | 4802.5 | 4715.39 | 2583916 | 713287000000 | 0.78 |
| sh000300 | 2026-06-08 | 4703.77 | 4713.64 | 4779.86 | 4677.57 | 2996476 | 761046400000 | 0.91 |
| sh000300 | 2026-06-05 | 4886.96 | 4816.92 | 4924.34 | 4798.91 | 3019293 | 839863800000 | 0.91 |
| sh000300 | 2026-06-04 | 4897.32 | 4904.75 | 4938.78 | 4889.75 | 2648089 | 736143410000 | 0.80 |
| sh000300 | 2026-06-03 | 4921.34 | 4938.81 | 4991.85 | 4904.9 | 3040359 | 906047730000 | 0.92 |
| sh000300 | 2026-06-02 | 4860.61 | 4914.56 | 4930.28 | 4832 | 2817317 | 806751340000 | 0.85 |
| sh000300 | 2026-06-01 | 4897.9 | 4844.26 | 4918.79 | 4836.69 | 2961341 | 823984850000 | 0.90 |
| sh000300 | 2026-05-29 | 4937.51 | 4892.12 | 4954.07 | 4878.79 | 3325186 | 942236490000 | 1.01 |
| sh000300 | 2026-05-28 | 4889.27 | 4914.21 | 4922.33 | 4843.23 | 2674327 | 819897920000 | 0.81 |
| sh000300 | 2026-05-27 | 4940.95 | 4908.17 | 4974.21 | 4891.34 | 3017092 | 909011910000 | 0.91 |
| sh000300 | 2026-05-26 | 4900.12 | 4947.85 | 4952.74 | 4892.68 | 3027995 | 899094490000 | 0.92 |
| sh000300 | 2026-05-25 | 4873.2 | 4921.6 | 4922.44 | 4857.13 | 2647432 | 861179420000 | 0.80 |
| sh000300 | 2026-05-22 | 4818.84 | 4845.1 | 4851.35 | 4785.35 | 2869404 | 771823300000 | 0.87 |
| sh000300 | 2026-05-21 | 4886.24 | 4783.1 | 4937.93 | 4780.71 | 2873425 | 891936350000 | 0.87 |
| sh000300 | 2026-05-20 | 4829.61 | 4850.7 | 4866.21 | 4825.64 | 2200232 | 729653330000 | 0.67 |
| sh000300 | 2026-05-19 | 4818.71 | 4852.88 | 4854.52 | 4773.53 | 2322809 | 712401050000 | 0.70 |
| sh000300 | 2026-05-18 | 4836.33 | 4833.52 | 4868.6 | 4806.15 | 2390776 | 733452820000 | 0.72 |
| sh000300 | 2026-05-15 | 4911.62 | 4859.59 | 4935.62 | 4832.69 | 2769678 | 887687430000 | 0.84 |
| sh000300 | 2026-05-14 | 5027.64 | 4914.6 | 5030.52 | 4913.6 | 2806954 | 857446330000 | 0.85 |
| sh000300 | 2026-05-13 | 4919.42 | 4998.34 | 5001.12 | 4919.42 | 2684545 | 823173200000 | 0.81 |
| sh000300 | 2026-05-12 | 4965.02 | 4948.05 | 4971.3 | 4926.79 | 2738120 | 819351440000 | 0.83 |
| sh000300 | 2026-05-11 | 4902.28 | 4951.84 | 4960.4 | 4889.57 | 3057348 | 904479320000 | 0.93 |
| sh000300 | 2026-05-08 | 4871.12 | 4871.91 | 4887.21 | 4849.99 | 2517210 | 716546100000 | 0.76 |
| sh000300 | 2026-05-07 | 4895.8 | 4900.51 | 4901.86 | 4866.87 | 2578340 | 787236200000 | 0.78 |
| sh000300 | 2026-05-06 | 4857.65 | 4877.09 | 4892.8 | 4834.28 | 2744439 | 881744310000 | 0.83 |
| sh000300 | 2026-04-30 | 4820.97 | 4807.31 | 4829.27 | 4797.54 | 2506334 | 726665370000 | 0.76 |
| sh000300 | 2026-04-29 | 4737.58 | 4810.35 | 4813.61 | 4737.11 | 2332981 | 681020510000 | 0.71 |
| sh000300 | 2026-04-28 | 4757.08 | 4758.21 | 4778.19 | 4743.44 | 2167242 | 631521660000 | 0.66 |
| sh000300 | 2026-04-27 | 4776.34 | 4770.95 | 4795.17 | 4762.64 | 1927966 | 648904810000 | 0.58 |
| sh000905 | 2026-08-20 | 7864.68 | 7850.4 | 7923.91 | 7796.28 | 161390106 | 393484559834.99994 | 1.46 |
| sh000905 | 2026-08-19 | 8029.52 | 7783.46 | 8050.08 | 7762.29 | 1909633 | 478344930000 | 1.73 |
| sh000905 | 2026-08-18 | 8178.84 | 8177.18 | 8211.31 | 8069.82 | 1815232 | 458687600000 | 1.64 |
| sh000905 | 2026-08-17 | 8007.87 | 8184.64 | 8184.64 | 7992.36 | 1757306 | 448608370000 | 1.59 |
| sh000905 | 2026-08-14 | 7989.65 | 7990.33 | 8005.15 | 7897.24 | 1833279 | 408994310000 | 1.66 |
| sh000905 | 2026-08-13 | 8096.85 | 7968.38 | 8142.33 | 7966.87 | 2232033 | 497028100000 | 2.02 |
| sh000905 | 2026-08-12 | 7978.04 | 8045.31 | 8067.53 | 7961.83 | 1807427 | 408869420000 | 1.63 |
| sh000905 | 2026-08-11 | 7979.28 | 7967.54 | 8078.36 | 7947.67 | 1950837 | 452799550000 | 1.76 |
| sh000905 | 2026-08-10 | 8003.92 | 8030.95 | 8031.16 | 7910.84 | 2005799 | 490434040000 | 1.81 |
| sh000905 | 2026-08-07 | 7828.79 | 7980.12 | 7983.17 | 7763.53 | 2065756 | 525281480000 | 1.87 |
| sh000905 | 2026-08-06 | 7737.59 | 7829.36 | 7868.85 | 7722.57 | 2154681 | 494375380000 | 1.95 |
| sh000905 | 2026-08-05 | 7567.96 | 7809.21 | 7845.39 | 7567.96 | 2220318 | 526922800000 | 2.01 |
| sh000905 | 2026-08-04 | 7467.08 | 7607.49 | 7645.48 | 7450.32 | 2035349 | 443792060000 | 1.84 |
| sh000905 | 2026-08-03 | 7457.12 | 7414.52 | 7499.58 | 7397.94 | 1983123 | 409591540000 | 1.79 |
| sh000905 | 2026-07-31 | 7537.85 | 7493.99 | 7638.78 | 7487.43 | 2166360 | 513956390000 | 1.96 |
| sh000905 | 2026-07-30 | 7477.31 | 7309.58 | 7536.49 | 7221.95 | 2087358 | 459995790000 | 1.89 |
| sh000905 | 2026-07-29 | 7444.8 | 7524.51 | 7572.81 | 7325.36 | 2066041 | 451332730000 | 1.87 |
| sh000905 | 2026-07-28 | 7589.76 | 7443.43 | 7646.02 | 7412.63 | 1618325 | 389809160000 | 1.47 |
| sh000905 | 2026-07-27 | 7512.4 | 7720.6 | 7721.4 | 7466.54 | 1741926 | 405637050000 | 1.58 |
| sh000905 | 2026-07-24 | 7625.2 | 7532.7 | 7703.6 | 7532.67 | 1866248 | 402009190000 | 1.69 |
| sh000905 | 2026-07-23 | 7750.85 | 7734.31 | 7795.35 | 7659 | 2049744 | 453036700000 | 1.86 |
| sh000905 | 2026-07-22 | 7741.91 | 7751.66 | 7889.45 | 7701.22 | 2307473 | 569079910000 | 2.09 |
| sh000905 | 2026-07-21 | 7437.45 | 7800.61 | 7802.75 | 7270.95 | 2683815 | 606955230000 | 2.43 |
| sh000905 | 2026-07-20 | 7597.77 | 7411.31 | 7626.49 | 7253.52 | 2537633 | 537630260000 | 2.30 |
| sh000905 | 2026-07-17 | 7900.1 | 7513.76 | 7908.74 | 7474.15 | 2367457 | 511959800000 | 2.15 |
| sh000905 | 2026-07-16 | 8006.45 | 7955.66 | 8148.04 | 7907.1 | 1931106 | 474607240000 | 1.75 |
| sh000905 | 2026-07-15 | 8294.14 | 8147.58 | 8305.27 | 8117.46 | 2091155 | 512588770000 | 1.90 |
| sh000905 | 2026-07-14 | 8135.05 | 8275.94 | 8275.96 | 7955.31 | 2158411 | 562942520000 | 1.96 |
| sh000905 | 2026-07-13 | 8409.14 | 8138.14 | 8457.69 | 8106.27 | 2240376 | 572975760000 | 2.03 |
| sh000905 | 2026-07-10 | 8672.36 | 8503.97 | 8783.25 | 8503.24 | 2514144 | 713405550000 | 2.28 |
| sh000905 | 2026-07-09 | 8437.15 | 8652.79 | 8659.65 | 8281.95 | 2150805 | 602726820000 | 1.95 |
| sh000905 | 2026-07-08 | 8539.02 | 8390.02 | 8571.52 | 8343.92 | 1972202 | 550698180000 | 1.79 |
| sh000905 | 2026-07-07 | 8604.08 | 8508.79 | 8663.67 | 8457.58 | 1996392 | 530938140000 | 1.81 |
| sh000905 | 2026-07-06 | 8790.97 | 8651.13 | 8823.05 | 8570.89 | 2301529 | 647313370000 | 2.09 |
| sh000905 | 2026-07-03 | 8702.33 | 8745.26 | 8860.42 | 8636.15 | 2301484 | 661131230000 | 2.09 |
| sh000905 | 2026-07-02 | 8829.62 | 8694.18 | 8932.65 | 8667.42 | 2612814 | 732955230000 | 2.37 |
| sh000905 | 2026-07-01 | 9052.04 | 9028.93 | 9147.56 | 8956.18 | 2631046 | 757642510000 | 2.39 |
| sh000905 | 2026-06-30 | 8815.11 | 9031.38 | 9040.13 | 8771.66 | 2243308 | 695096020000 | 2.04 |
| sh000905 | 2026-06-29 | 8731.58 | 8821.09 | 8837.03 | 8587.88 | 2514611 | 741568080000 | 2.28 |
| sh000905 | 2026-06-26 | 8891.03 | 8703.57 | 8926.75 | 8647.77 | 2585583 | 745538230000 | 2.35 |
| sh000905 | 2026-06-25 | 8844.85 | 8938.01 | 8940.96 | 8803.6 | 2601021 | 744120020000 | 2.36 |
| sh000905 | 2026-06-24 | 8638.66 | 8842.94 | 8850.79 | 8613.08 | 2453115 | 684019600000 | 2.23 |
| sh000905 | 2026-06-23 | 8831.59 | 8688.59 | 8895.34 | 8629.01 | 2724031 | 713885740000 | 2.48 |
| sh000905 | 2026-06-22 | 8709.66 | 8868.78 | 8870.49 | 8605.22 | 2800231 | 759846040000 | 2.54 |
| sh000905 | 2026-06-18 | 8590.5 | 8673.09 | 8716.34 | 8587.98 | 2394676 | 667474010000 | 2.18 |
| sh000905 | 2026-06-17 | 8451.63 | 8627.09 | 8630.52 | 8451.63 | 2246460 | 655611280000 | 2.04 |
| sh000905 | 2026-06-16 | 8430.92 | 8507.98 | 8538.19 | 8413.51 | 2314951 | 637593610000 | 2.11 |
| sh000905 | 2026-06-15 | 8175.05 | 8406.75 | 8406.78 | 8174.59 | 2555626 | 624419630000 | 2.33 |
| sh000905 | 2026-06-12 | 8189.21 | 8106.2 | 8258.91 | 8098.78 | 2662441 | 668679920000 | 2.35 |
| sh000905 | 2026-06-11 | 8025.61 | 8035.78 | 8091.68 | 7965.02 | 1968578 | 512698920000 | 1.74 |
| sh000905 | 2026-06-10 | 8094.14 | 8063.86 | 8148.26 | 7973.55 | 2109101 | 509158410000 | 1.87 |
| sh000905 | 2026-06-09 | 8059.34 | 8176.18 | 8181.13 | 7965.49 | 2092930 | 506484790000 | 1.85 |
| sh000905 | 2026-06-08 | 7978.66 | 7963.45 | 8142.34 | 7889.4 | 2447932 | 562548950000 | 2.17 |
| sh000905 | 2026-06-05 | 8317.64 | 8251.14 | 8399.41 | 8218.14 | 2470893 | 612246480000 | 2.19 |
| sh000905 | 2026-06-04 | 8279.86 | 8356.74 | 8391.05 | 8279.86 | 2308220 | 570131400000 | 2.04 |
| sh000905 | 2026-06-03 | 8317 | 8362.16 | 8462.67 | 8294.29 | 2535765 | 608167870000 | 2.25 |
| sh000905 | 2026-06-02 | 8290.83 | 8321.43 | 8378.43 | 8142.51 | 2395897 | 548050910000 | 2.12 |
| sh000905 | 2026-06-01 | 8358.49 | 8274.21 | 8442.53 | 8259.6 | 2581750 | 584223620000 | 2.29 |
| sh000905 | 2026-05-29 | 8589.82 | 8359.56 | 8597.98 | 8296.24 | 2811906 | 661406700000 | 2.49 |
| sh000905 | 2026-05-28 | 8503.67 | 8563.22 | 8596.45 | 8424.45 | 2422400 | 596276740000 | 2.15 |
| sh000905 | 2026-05-27 | 8659.22 | 8530.98 | 8722.58 | 8491.32 | 2591167 | 676927950000 | 2.30 |
| sh000905 | 2026-05-26 | 8665.44 | 8658.62 | 8673.21 | 8529.67 | 2471078 | 647239450000 | 2.19 |
| sh000905 | 2026-05-25 | 8631.21 | 8703.89 | 8705.2 | 8543.89 | 2350529 | 629332990000 | 2.08 |
| sh000905 | 2026-05-22 | 8473.61 | 8576.94 | 8591.15 | 8414.94 | 2216104 | 556432680000 | 1.96 |
| sh000905 | 2026-05-21 | 8703.17 | 8419.84 | 8790.38 | 8406.29 | 2794892 | 687607690000 | 2.48 |
| sh000905 | 2026-05-20 | 8581.39 | 8656.31 | 8681.72 | 8552.43 | 2304187 | 574479530000 | 2.04 |
| sh000905 | 2026-05-19 | 8524.15 | 8627.95 | 8633.06 | 8416.52 | 2438688 | 571306970000 | 2.16 |
| sh000905 | 2026-05-18 | 8493.02 | 8554.24 | 8606.41 | 8472.42 | 2310934 | 559260920000 | 2.05 |
| sh000905 | 2026-05-15 | 8676.62 | 8536.34 | 8717.09 | 8473.04 | 2709618 | 643023960000 | 2.40 |
| sh000905 | 2026-05-14 | 8952.95 | 8670.16 | 8956.66 | 8670.16 | 2895026 | 658225130000 | 2.57 |
| sh000905 | 2026-05-13 | 8730.91 | 8918.24 | 8925.88 | 8730.91 | 2540969 | 637052790000 | 2.25 |
| sh000905 | 2026-05-12 | 8856.18 | 8785.98 | 8856.18 | 8736.42 | 2698710 | 633557980000 | 2.39 |
| sh000905 | 2026-05-11 | 8771.18 | 8839.74 | 8863.77 | 8716.45 | 2883302 | 709124530000 | 2.56 |
| sh000905 | 2026-05-08 | 8638.84 | 8694.17 | 8706.33 | 8616.22 | 2711435 | 609002650000 | 2.41 |
| sh000905 | 2026-05-07 | 8637.84 | 8696.8 | 8700.34 | 8598.71 | 2709942 | 620440650000 | 2.41 |
| sh000905 | 2026-05-06 | 8441.34 | 8588.44 | 8621.35 | 8441.34 | 2746475 | 635607540000 | 2.44 |
| sh000905 | 2026-04-30 | 8331.44 | 8349.51 | 8375.19 | 8300.5 | 2475547 | 535036480000 | 2.20 |
| sh000905 | 2026-04-29 | 8157.35 | 8342.42 | 8356.72 | 8157.35 | 2308720 | 489715090000 | 2.05 |
| sh000905 | 2026-04-28 | 8274.63 | 8203.96 | 8275.33 | 8173.44 | 2201091 | 494514570000 | 1.96 |
| sh000905 | 2026-04-27 | 8236.43 | 8299.05 | 8326.15 | 8219.94 | 2245958 | 524219030000 | 2 |
| sz399006 | 2026-08-20 | 3517.65 | 3495.59 | 3531.92 | 3459.57 | 182875324 | 522726895094 | 3.41 |
| sz399006 | 2026-08-19 | 3605.52 | 3473.49 | 3622.5 | 3455.48 | 205509141 | 633622300000 | 3.84 |
| sz399006 | 2026-08-18 | 3730.99 | 3705.56 | 3747.53 | 3662.45 | 196213815 | 606082770000 | 3.66 |
| sz399006 | 2026-08-17 | 3632.78 | 3740.16 | 3740.16 | 3604.17 | 194278692 | 629069340000 | 3.63 |
| sz399006 | 2026-08-14 | 3610.19 | 3626.3 | 3633.03 | 3578.61 | 193507809 | 553388510000 | 3.63 |
| sz399006 | 2026-08-13 | 3656.88 | 3586.04 | 3681.8 | 3585.27 | 220850675 | 661486620000 | 4.14 |
| sz399006 | 2026-08-12 | 3542.13 | 3602.08 | 3625.27 | 3540.95 | 183438948 | 561500230000 | 3.44 |
| sz399006 | 2026-08-11 | 3533.89 | 3549.16 | 3601.59 | 3517.57 | 190755076 | 597523820000 | 3.57 |
| sz399006 | 2026-08-10 | 3567.05 | 3537.21 | 3575.59 | 3470.95 | 208986302 | 657874160000 | 3.92 |
| sz399006 | 2026-08-07 | 3537.44 | 3563.12 | 3613.87 | 3507.62 | 229977435 | 730103730000 | 4.31 |
| sz399006 | 2026-08-06 | 3472.15 | 3515.56 | 3574.41 | 3444.36 | 218807247 | 657908330000 | 4.10 |
| sz399006 | 2026-08-05 | 3372.08 | 3535.14 | 3584.06 | 3372.04 | 226495353 | 720546200000 | 4.25 |
| sz399006 | 2026-08-04 | 3353.51 | 3488.97 | 3510.51 | 3342.41 | 211106623 | 601613220000 | 3.96 |
| sz399006 | 2026-08-03 | 3320.09 | 3302.55 | 3342.17 | 3280.84 | 187720972 | 486504340000 | 3.52 |
| sz399006 | 2026-07-31 | 3411.61 | 3343.96 | 3464.9 | 3343.96 | 236170945 | 671226880000 | 4.43 |
| sz399006 | 2026-07-30 | 3331.32 | 3244.62 | 3353.81 | 3158.14 | 203836418 | 598474830000 | 3.82 |
| sz399006 | 2026-07-29 | 3333.48 | 3378.7 | 3411.03 | 3249.65 | 201044720 | 565932760000 | 3.77 |
| sz399006 | 2026-07-28 | 3478.86 | 3327.03 | 3511.7 | 3312.3 | 174708042 | 520079780000 | 3.28 |
| sz399006 | 2026-07-27 | 3482.04 | 3590.79 | 3592.1 | 3449.21 | 175227394 | 480776650000 | 3.29 |
| sz399006 | 2026-07-24 | 3515.5 | 3480.87 | 3561.35 | 3480.87 | 168793607 | 446933270000 | 3.17 |
| sz399006 | 2026-07-23 | 3596.73 | 3575.52 | 3621.73 | 3538.11 | 181766334 | 516333000000 | 3.41 |
| sz399006 | 2026-07-22 | 3644.98 | 3566.73 | 3694.9 | 3553.37 | 205833919 | 639793600000 | 3.87 |
| sz399006 | 2026-07-21 | 3469.22 | 3685.97 | 3687.15 | 3373.04 | 258922406 | 741575470000 | 4.87 |
| sz399006 | 2026-07-20 | 3504.12 | 3443.1 | 3550.59 | 3338.21 | 237174099 | 671204870000 | 4.46 |
| sz399006 | 2026-07-17 | 3642.06 | 3428.63 | 3642.06 | 3387.26 | 230221243 | 682603700000 | 4.35 |
| sz399006 | 2026-07-16 | 3710.51 | 3692.46 | 3796.35 | 3658.07 | 198456563 | 577419190000 | 3.75 |
| sz399006 | 2026-07-15 | 3879.77 | 3804.7 | 3905.31 | 3794.34 | 197252763 | 592843790000 | 3.72 |
| sz399006 | 2026-07-14 | 3729.61 | 3851.14 | 3855.03 | 3673.96 | 196146517 | 653269520000 | 3.70 |
| sz399006 | 2026-07-13 | 3809.86 | 3723.52 | 3855.75 | 3691.23 | 219895176 | 692970560000 | 4.16 |
| sz399006 | 2026-07-10 | 4041.86 | 3842.73 | 4060.53 | 3842.35 | 248254176 | 853943340000 | 4.72 |
| sz399006 | 2026-07-09 | 3892.12 | 4018.17 | 4025.32 | 3812.66 | 208378136 | 722049720000 | 3.97 |
| sz399006 | 2026-07-08 | 3932.42 | 3845.35 | 3965.39 | 3824.33 | 192572049 | 651773540000 | 3.67 |
| sz399006 | 2026-07-07 | 3931.44 | 3911.91 | 3976.11 | 3859.43 | 185806984 | 622030170000 | 3.54 |
| sz399006 | 2026-07-06 | 4050.88 | 3948.86 | 4063.63 | 3903.48 | 216576771 | 764016400000 | 4.13 |
| sz399006 | 2026-07-03 | 4010.82 | 4019.93 | 4115.63 | 3985.36 | 228453195 | 803808040000 | 4.35 |
| sz399006 | 2026-07-02 | 4135.34 | 4017.27 | 4168.87 | 3999.57 | 249554568 | 890373240000 | 4.76 |
| sz399006 | 2026-07-01 | 4336.16 | 4260.72 | 4361.83 | 4222.22 | 264901000 | 981521120000 | 5.05 |
| sz399006 | 2026-06-30 | 4217.63 | 4342.71 | 4353.11 | 4205.74 | 223185932 | 859826040000 | 4.26 |
| sz399006 | 2026-06-29 | 4200.67 | 4216.7 | 4265.46 | 4103.63 | 243571409 | 916359640000 | 4.65 |
| sz399006 | 2026-06-26 | 4319.41 | 4194.21 | 4328.7 | 4175.38 | 240931473 | 932482910000 | 4.60 |
| sz399006 | 2026-06-25 | 4278.34 | 4371.99 | 4380.41 | 4242.86 | 246522881 | 976496630000 | 4.70 |
| sz399006 | 2026-06-24 | 4181.91 | 4251.42 | 4257.25 | 4161.58 | 232494708 | 847420890000 | 4.43 |
| sz399006 | 2026-06-23 | 4343.88 | 4192.19 | 4350.06 | 4159.48 | 245858967 | 901646040000 | 4.69 |
| sz399006 | 2026-06-22 | 4272.99 | 4359.39 | 4359.39 | 4229.31 | 272346002 | 1020554140000 | 5.19 |
| sz399006 | 2026-06-18 | 4153.62 | 4252.39 | 4272.01 | 4153.62 | 226559938 | 862178850000 | 4.32 |
| sz399006 | 2026-06-17 | 4061.3 | 4167.05 | 4168.16 | 4058.61 | 221861568 | 824852280000 | 4.23 |
| sz399006 | 2026-06-16 | 4065.27 | 4102.94 | 4142.43 | 4053.88 | 225905115 | 829816570000 | 4.31 |
| sz399006 | 2026-06-15 | 3896.17 | 4033.53 | 4033.53 | 3844.08 | 221269003 | 790537830000 | 4.22 |
| sz399006 | 2026-06-12 | 3921.09 | 3830.35 | 3921.53 | 3822.42 | 230246100 | 805740230000 | 4.40 |
| sz399006 | 2026-06-11 | 3839.19 | 3811.25 | 3910.28 | 3755.61 | 198465341 | 649928670000 | 3.80 |
| sz399006 | 2026-06-10 | 3897.73 | 3854.79 | 3928.36 | 3818.31 | 203947087 | 648811830000 | 3.90 |
| sz399006 | 2026-06-09 | 3865.69 | 3961.75 | 3962.9 | 3823.76 | 209755585 | 720241470000 | 4.01 |
| sz399006 | 2026-06-08 | 3820.23 | 3811.79 | 3903.77 | 3776.93 | 228336414 | 722402370000 | 4.38 |
| sz399006 | 2026-06-05 | 4079.95 | 3957.94 | 4105.21 | 3933.07 | 228732023 | 816091910000 | 4.39 |
| sz399006 | 2026-06-04 | 4072.55 | 4088.88 | 4114.24 | 4051.15 | 202724870 | 697606650000 | 3.90 |
| sz399006 | 2026-06-03 | 4089.02 | 4122.99 | 4218.33 | 4063.2 | 218925848 | 803001380000 | 4.21 |
| sz399006 | 2026-06-02 | 3987.41 | 4055.87 | 4083.92 | 3946.11 | 203915728 | 714031280000 | 3.92 |
| sz399006 | 2026-06-01 | 4057.39 | 3950.94 | 4081.42 | 3942.68 | 210798809 | 728530860000 | 4.06 |
| sz399006 | 2026-05-29 | 4141.91 | 4037.95 | 4158.69 | 4010.12 | 233413759 | 850350410000 | 4.50 |
| sz399006 | 2026-05-28 | 4042.08 | 4125.07 | 4135.38 | 3971.72 | 207796485 | 768291120000 | 4.01 |
| sz399006 | 2026-05-27 | 4053.68 | 4045.77 | 4148.23 | 4015.65 | 224129186 | 834578270000 | 4.33 |
| sz399006 | 2026-05-26 | 4003.13 | 4043.07 | 4057.37 | 3985.51 | 228092127 | 837209300000 | 4.41 |
| sz399006 | 2026-05-25 | 3974.97 | 4021.16 | 4022.74 | 3905.69 | 231457815 | 878510330000 | 4.47 |
| sz399006 | 2026-05-22 | 3875.81 | 3938.5 | 3948.99 | 3856.21 | 214290151 | 787396760000 | 4.14 |
| sz399006 | 2026-05-21 | 3962.3 | 3829.78 | 4017.81 | 3827.52 | 265528742 | 896007100000 | 5.14 |
| sz399006 | 2026-05-20 | 3889.68 | 3921.79 | 3947.22 | 3887.15 | 222605616 | 756328410000 | 4.31 |
| sz399006 | 2026-05-19 | 3894 | 3908.44 | 3918.31 | 3808.47 | 223481304 | 762720750000 | 4.32 |
| sz399006 | 2026-05-18 | 3895.07 | 3914.88 | 3961.16 | 3883.4 | 217646936 | 757350470000 | 4.21 |
| sz399006 | 2026-05-15 | 3957.74 | 3929.06 | 4002.73 | 3870.37 | 245569819 | 876510690000 | 4.75 |
| sz399006 | 2026-05-14 | 4087.85 | 3951.14 | 4090.42 | 3937.6 | 250323172 | 887382490000 | 4.84 |
| sz399006 | 2026-05-13 | 3900.74 | 4038.33 | 4041.99 | 3893.8 | 248072070 | 860686700000 | 4.80 |
| sz399006 | 2026-05-12 | 3947.14 | 3934.88 | 3954.99 | 3897.82 | 247035078 | 838293260000 | 4.78 |
| sz399006 | 2026-05-11 | 3829.61 | 3928.97 | 3937.87 | 3797.5 | 264046160 | 922847290000 | 5.15 |
| sz399006 | 2026-05-08 | 3792.04 | 3796.13 | 3840.16 | 3787.17 | 242873982 | 782390380000 | 4.61 |
| sz399006 | 2026-05-07 | 3807.99 | 3833.06 | 3840.06 | 3761.23 | 252313119 | 839415280000 | 4.79 |
| sz399006 | 2026-05-06 | 3760.67 | 3778.16 | 3815.07 | 3724.53 | 249880273 | 838085980000 | 4.75 |
| sz399006 | 2026-04-30 | 3704.11 | 3677.15 | 3718.4 | 3660.22 | 201808141 | 638060870000 | 3.83 |
| sz399006 | 2026-04-29 | 3578.42 | 3687.17 | 3692.21 | 3578.42 | 215002402 | 679396870000 | 4.09 |
| sz399006 | 2026-04-28 | 3623.49 | 3596.71 | 3636.93 | 3580.39 | 218834025 | 664872020000 | 4.17 |
| sz399006 | 2026-04-27 | 3677.89 | 3648.79 | 3686.94 | 3640.11 | 215941887 | 674213470000 | 4.11 |
| sh600276 | 2026-08-20 | 51 | 49.5 | 51.53 | 48.16 | 2387416 | 11929918450 | 3.74 |
| sh600276 | 2026-08-19 | 52.67 | 52.66 | 52.68 | 52.02 | 637992 | 3340680000 | 1 |
| sh600276 | 2026-08-18 | 52.72 | 52.37 | 53.03 | 52.07 | 598404 | 3137380000 | 0.94 |
| sh600276 | 2026-08-17 | 52.49 | 52.87 | 53.63 | 51.85 | 668530 | 3527630000 | 1.05 |
| sh600276 | 2026-08-14 | 53.68 | 52.62 | 53.75 | 52.2 | 873251 | 4615120000 | 1.37 |
| sh600276 | 2026-08-13 | 54.05 | 53.76 | 55.28 | 53.67 | 975900 | 5313850000 | 1.53 |
| sh600276 | 2026-08-12 | 54.63 | 54.36 | 55.36 | 54.1 | 748812 | 4084690000 | 1.17 |
| sh600276 | 2026-08-11 | 53.79 | 54.97 | 55.8 | 53.76 | 1207617 | 6656980000 | 1.89 |
| sh600276 | 2026-08-10 | 55 | 54.18 | 55.88 | 53.63 | 1183657 | 6470270000 | 1.86 |
| sh600276 | 2026-08-07 | 52 | 54.62 | 54.62 | 51.82 | 1419315 | 7600970000 | 2.22 |
| sh600276 | 2026-08-06 | 53.65 | 52.11 | 53.81 | 52 | 898631 | 4727890000 | 1.41 |
| sh600276 | 2026-08-05 | 53.43 | 53.54 | 53.79 | 52.88 | 670925 | 3583250000 | 1.05 |
| sh600276 | 2026-08-04 | 53.28 | 53.42 | 54.35 | 53.05 | 730069 | 3913840000 | 1.14 |
| sh600276 | 2026-08-03 | 53.87 | 53 | 54.32 | 52.86 | 616099 | 3275810000 | 0.97 |
| sh600276 | 2026-07-31 | 53.7 | 54.08 | 54.45 | 53.5 | 578082 | 3124600000 | 0.91 |
| sh600276 | 2026-07-30 | 54.05 | 54.65 | 54.69 | 53.3 | 735879 | 3975430000 | 1.15 |
| sh600276 | 2026-07-29 | 54 | 53.89 | 54.44 | 52.72 | 684657 | 3686520000 | 1.07 |
| sh600276 | 2026-07-28 | 53.45 | 53.29 | 53.88 | 52.53 | 479795 | 2542730000 | 0.75 |
| sh600276 | 2026-07-27 | 53.9 | 53.6 | 54.56 | 52.88 | 552452 | 2964870000 | 0.87 |
| sh600276 | 2026-07-24 | 55 | 53.45 | 55.08 | 53 | 704837 | 3790750000 | 1.1 |
| sh600276 | 2026-07-23 | 55.39 | 54.91 | 55.75 | 53.9 | 799989 | 4377850000 | 1.25 |
| sh600276 | 2026-07-22 | 54.35 | 55.39 | 56.49 | 54.27 | 859798 | 4767070000 | 1.35 |
| sh600276 | 2026-07-21 | 55.99 | 54.93 | 55.99 | 53.76 | 964390 | 5269030000 | 1.51 |
| sh600276 | 2026-07-20 | 52.97 | 55.57 | 55.78 | 52.9 | 1133069 | 6214720000 | 1.78 |
| sh600276 | 2026-07-17 | 56 | 53.19 | 56.17 | 53.02 | 1161817 | 6283260000 | 1.82 |
| sh600276 | 2026-07-16 | 56.81 | 55.99 | 57.4 | 55.51 | 1220084 | 6880190000 | 1.91 |
| sh600276 | 2026-07-15 | 54.26 | 57.5 | 58 | 54.26 | 1941697 | 10991590000 | 3.04 |
| sh600276 | 2026-07-14 | 55.75 | 54.82 | 55.98 | 54.27 | 966292 | 5314270000 | 1.51 |
| sh600276 | 2026-07-13 | 55.11 | 55.75 | 56.22 | 54.78 | 930293 | 5152850000 | 1.46 |
| sh600276 | 2026-07-10 | 54.6 | 55.75 | 57.48 | 54.55 | 1336189 | 7492060000 | 2.09 |
| sh600276 | 2026-07-09 | 53.2 | 55.61 | 55.77 | 52.85 | 1108322 | 6049880000 | 1.74 |
| sh600276 | 2026-07-08 | 55.57 | 54.01 | 56.76 | 53.99 | 957827 | 5273410000 | 1.5 |
| sh600276 | 2026-07-07 | 56.4 | 55.36 | 56.5 | 54.88 | 1077221 | 5989360000 | 1.69 |
| sh600276 | 2026-07-06 | 54.4 | 56.77 | 57.77 | 53.77 | 1796982 | 10153090000 | 2.82 |
| sh600276 | 2026-07-03 | 54.55 | 54.45 | 55.15 | 53.28 | 1098671 | 5951500000 | 1.72 |
| sh600276 | 2026-07-02 | 53.8 | 53.49 | 55.45 | 53.09 | 1320238 | 7141710000 | 2.07 |
| sh600276 | 2026-07-01 | 51.61 | 53.78 | 54.08 | 50.22 | 1569308 | 8235120000 | 2.46 |
| sh600276 | 2026-06-30 | 52.97 | 52.04 | 53.45 | 51.7 | 1146413 | 6000710000 | 1.8 |
| sh600276 | 2026-06-29 | 49.01 | 52.93 | 53.31 | 48.43 | 1727562 | 8958580000 | 2.71 |
| sh600276 | 2026-06-26 | 50.46 | 48.67 | 50.73 | 48.62 | 749617 | 3706730000 | 1.18 |
| sh600276 | 2026-06-25 | 49.86 | 50.04 | 50.8 | 48.66 | 1051386 | 5219090000 | 1.65 |
| sh600276 | 2026-06-24 | 48.98 | 50.25 | 51.36 | 48.93 | 1358812 | 6874480000 | 2.13 |
| sh600276 | 2026-06-23 | 49.18 | 48.98 | 50.92 | 48.8 | 1075827 | 5376610000 | 1.69 |
| sh600276 | 2026-06-22 | 48.2 | 49.36 | 49.41 | 47.3 | 946321 | 4576630000 | 1.48 |
| sh600276 | 2026-06-18 | 46.99 | 48.42 | 49.5 | 46.61 | 1185928 | 5748480000 | 1.86 |
| sh600276 | 2026-06-17 | 47.37 | 46.99 | 47.66 | 46.78 | 518239 | 2440280000 | 0.81 |
| sh600276 | 2026-06-16 | 47.6 | 47.35 | 48.09 | 47.14 | 502935 | 2385270000 | 0.79 |
| sh600276 | 2026-06-15 | 48.44 | 47.88 | 48.8 | 47.62 | 669408 | 3219760000 | 1.05 |
| sh600276 | 2026-06-12 | 47.2 | 48.49 | 48.95 | 46.56 | 1002990 | 4824610000 | 1.57 |
| sh600276 | 2026-06-11 | 46.7 | 46.98 | 47.2 | 46.22 | 473374 | 2211880000 | 0.74 |
| sh600276 | 2026-06-10 | 46.1 | 47.01 | 47.38 | 45.91 | 621576 | 2901930000 | 0.97 |
| sh600276 | 2026-06-09 | 46.34 | 46.38 | 46.6 | 45.26 | 621286 | 2856660000 | 0.97 |
| sh600276 | 2026-06-08 | 46.6 | 45.94 | 47.72 | 45.55 | 684211 | 3166670000 | 1.07 |
| sh600276 | 2026-06-05 | 47.48 | 47.08 | 48.72 | 47 | 930264 | 4447210000 | 1.46 |
| sh600276 | 2026-06-04 | 47 | 46.63 | 47.88 | 46.51 | 639249 | 3002780000 | 1 |
| sh600276 | 2026-06-03 | 48.1 | 47.2 | 48.18 | 47.2 | 815364 | 3874210000 | 1.28 |
| sh600276 | 2026-06-02 | 48.82 | 48.4 | 49.1 | 47.9 | 611443 | 2958270000 | 0.96 |
| sh600276 | 2026-06-01 | 50.32 | 49.17 | 51.2 | 49 | 946653 | 4730300000 | 1.48 |
| sh600276 | 2026-05-29 | 48.02 | 50.19 | 50.52 | 47.62 | 1300405 | 6428010000 | 2.04 |
| sh600276 | 2026-05-28 | 50.06 | 48 | 50.58 | 47.85 | 978697 | 4764530000 | 1.53 |
| sh600276 | 2026-05-27 | 48.88 | 50.37 | 51.3 | 48.45 | 961153 | 4800580000 | 1.51 |
| sh600276 | 2026-05-26 | 48.88 | 49 | 49.97 | 48.6 | 713746 | 3526000000 | 1.12 |
| sh600276 | 2026-05-25 | 49.81 | 49.23 | 49.82 | 48.82 | 838355 | 4132040000 | 1.31 |
| sh600276 | 2026-05-22 | 51.35 | 50.27 | 51.38 | 50.2 | 677620 | 3439250000 | 1.06 |
| sh600276 | 2026-05-21 | 50.83 | 51.25 | 52.59 | 50.68 | 994025 | 5157540000 | 1.56 |
| sh600276 | 2026-05-20 | 51.31 | 50.75 | 51.76 | 50.18 | 827046 | 4207610000 | 1.3 |
| sh600276 | 2026-05-19 | 52.1 | 51.39 | 52.71 | 51.13 | 699095 | 3627120000 | 1.1 |
| sh600276 | 2026-05-18 | 53.58 | 52.23 | 53.6 | 51.99 | 786609 | 4141540000 | 1.23 |
| sh600276 | 2026-05-15 | 53.88 | 53.79 | 55.46 | 53.55 | 765989 | 4173750000 | 1.2 |
| sh600276 | 2026-05-14 | 55.6 | 54.12 | 56.54 | 54.08 | 917227 | 5058300000 | 1.44 |
| sh600276 | 2026-05-13 | 55.91 | 55.66 | 57.06 | 55.46 | 1327791 | 7453650000 | 2.08 |
| sh600276 | 2026-05-12 | 53.33 | 55.91 | 58.67 | 52.55 | 2465400 | 13832350000 | 3.86 |
| sh600276 | 2026-05-11 | 52.6 | 53.32 | 53.59 | 51.92 | 1023063 | 5425540000 | 1.6 |
| sh600276 | 2026-05-08 | 53.68 | 52.6 | 53.72 | 52.48 | 802415 | 4253910000 | 1.26 |
| sh600276 | 2026-05-07 | 53.68 | 53.48 | 54.23 | 53.2 | 623452 | 3352800000 | 0.98 |
| sh600276 | 2026-05-06 | 53.78 | 53.43 | 53.91 | 53.2 | 665748 | 3573490000 | 1.04 |
| sh600276 | 2026-04-30 | 54.84 | 53.68 | 54.84 | 53.61 | 712485 | 3855730000 | 1.12 |
| sh600276 | 2026-04-29 | 54.63 | 54.79 | 54.88 | 54 | 591509 | 3232740000 | 0.93 |
| sh600276 | 2026-04-28 | 55.18 | 54.64 | 57.15 | 54.6 | 903120 | 5056520000 | 1.42 |
| sh600276 | 2026-04-27 | 55.86 | 55.18 | 55.87 | 55 | 455530 | 2523080000 | 0.71 |
| sh510300 | 2026-08-20 | 4.67 | 4.653 | 4.689 | 4.632 | 7488663 | 3491619584 | 3.14 |
| sh510300 | 2026-08-19 | 4.75 | 4.65 | 4.75 | 4.63 | 15327229 | 7147500000 | 6.75 |
| sh510300 | 2026-08-18 | 4.79 | 4.79 | 4.8 | 4.75 | 6576444 | 3143410000 | 2.9 |
| sh510300 | 2026-08-17 | 4.73 | 4.8 | 4.8 | 4.73 | 8356561 | 3985900000 | 3.63 |
| sh510300 | 2026-08-14 | 4.74 | 4.73 | 4.74 | 4.7 | 6859530 | 3238310000 | 2.92 |
| sh510300 | 2026-08-13 | 4.77 | 4.73 | 4.79 | 4.73 | 9155827 | 4364800000 | 3.87 |
| sh510300 | 2026-08-12 | 4.73 | 4.75 | 4.76 | 4.72 | 9010137 | 4275920000 | 3.73 |
| sh510300 | 2026-08-11 | 4.75 | 4.73 | 4.78 | 4.72 | 5353219 | 2541400000 | 2.16 |
| sh510300 | 2026-08-10 | 4.76 | 4.76 | 4.77 | 4.72 | 5610852 | 2663760000 | 2.26 |
| sh510300 | 2026-08-07 | 4.71 | 4.75 | 4.76 | 4.71 | 9435356 | 4474690000 | 3.75 |
| sh510300 | 2026-08-06 | 4.69 | 4.71 | 4.73 | 4.67 | 8783560 | 4127250000 | 3.42 |
| sh510300 | 2026-08-05 | 4.62 | 4.71 | 4.74 | 4.61 | 14245658 | 6690050000 | 5.49 |
| sh510300 | 2026-08-04 | 4.62 | 4.65 | 4.67 | 4.62 | 11730429 | 5451260000 | 4.42 |
| sh510300 | 2026-08-03 | 4.62 | 4.6 | 4.64 | 4.59 | 9263921 | 4269960000 | 3.42 |
| sh510300 | 2026-07-31 | 4.68 | 4.65 | 4.7 | 4.64 | 15016263 | 7016550000 | 5.67 |
| sh510300 | 2026-07-30 | 4.63 | 4.61 | 4.66 | 4.54 | 15120389 | 6953210000 | 5.71 |
| sh510300 | 2026-07-29 | 4.62 | 4.66 | 4.69 | 4.57 | 15092027 | 6987970000 | 5.82 |
| sh510300 | 2026-07-28 | 4.69 | 4.63 | 4.7 | 4.61 | 16853987 | 7832310000 | 6.65 |
| sh510300 | 2026-07-27 | 4.7 | 4.75 | 4.76 | 4.67 | 9715927 | 4584810000 | 3.94 |
| sh510300 | 2026-07-24 | 4.75 | 4.7 | 4.76 | 4.7 | 10247632 | 4844480000 | 4.2 |
| sh510300 | 2026-07-23 | 4.77 | 4.79 | 4.8 | 4.76 | 5811786 | 2775500000 | 2.42 |
| sh510300 | 2026-07-22 | 4.75 | 4.77 | 4.82 | 4.75 | 12650379 | 6059310000 | 5.26 |
| sh510300 | 2026-07-21 | 4.68 | 4.79 | 4.79 | 4.62 | 27388321 | 12894640000 | 11.24 |
| sh510300 | 2026-07-20 | 4.63 | 4.65 | 4.69 | 4.58 | 40104538 | 18562450000 | 16.42 |
| sh510300 | 2026-07-17 | 4.72 | 4.59 | 4.73 | 4.55 | 31647757 | 14648790000 | 14.57 |
| sh510300 | 2026-07-16 | 4.78 | 4.75 | 4.83 | 4.72 | 16578228 | 7909230000 | 8.41 |
| sh510300 | 2026-07-15 | 4.83 | 4.84 | 4.87 | 4.82 | 7220327 | 3497650000 | 3.93 |
| sh510300 | 2026-07-14 | 4.74 | 4.84 | 4.84 | 4.7 | 18084400 | 8630540000 | 9.78 |
| sh510300 | 2026-07-13 | 4.8 | 4.74 | 4.82 | 4.72 | 16190530 | 7705110000 | 8.84 |
| sh510300 | 2026-07-10 | 4.92 | 4.83 | 4.95 | 4.83 | 8242800 | 4039510000 | 4.8 |
| sh510300 | 2026-07-09 | 4.81 | 4.92 | 4.93 | 4.78 | 9558592 | 4636440000 | 5.55 |
| sh510300 | 2026-07-08 | 4.84 | 4.8 | 4.87 | 4.79 | 4846848 | 2337290000 | 2.82 |
| sh510300 | 2026-07-07 | 4.86 | 4.83 | 4.88 | 4.8 | 6986968 | 3378520000 | 4.09 |
| sh510300 | 2026-07-06 | 4.9 | 4.88 | 4.91 | 4.83 | 6179918 | 3016660000 | 3.67 |
| sh510300 | 2026-07-03 | 4.83 | 4.88 | 4.93 | 4.83 | 19983308 | 9792430000 | 11.71 |
| sh510300 | 2026-07-02 | 4.96 | 4.85 | 4.96 | 4.84 | 13691536 | 6704070000 | 7.39 |
| sh510300 | 2026-07-01 | 5.01 | 5 | 5.05 | 4.96 | 9626190 | 4820930000 | 5.23 |
| sh510300 | 2026-06-30 | 4.95 | 5.02 | 5.02 | 4.94 | 20297213 | 10142730000 | 10.73 |
| sh510300 | 2026-06-29 | 4.9 | 4.96 | 4.97 | 4.87 | 14848057 | 7294620000 | 7.45 |
| sh510300 | 2026-06-26 | 5.01 | 4.91 | 5.02 | 4.88 | 9582429 | 4730760000 | 4.61 |
| sh510300 | 2026-06-25 | 4.97 | 5.05 | 5.06 | 4.97 | 26406087 | 13252890000 | 12.73 |
| sh510300 | 2026-06-24 | 4.93 | 4.97 | 4.98 | 4.92 | 25906734 | 12839320000 | 11.32 |
| sh510300 | 2026-06-23 | 5.08 | 4.94 | 5.1 | 4.92 | 26173354 | 13121280000 | 10.61 |
| sh510300 | 2026-06-22 | 4.98 | 5.09 | 5.1 | 4.95 | 19131578 | 9643150000 | 7.25 |
| sh510300 | 2026-06-18 | 4.94 | 4.98 | 5 | 4.94 | 12933430 | 6434060000 | 4.88 |
| sh510300 | 2026-06-17 | 4.9 | 4.96 | 4.96 | 4.89 | 13911870 | 6854310000 | 5.14 |
| sh510300 | 2026-06-16 | 4.92 | 4.91 | 4.93 | 4.89 | 9085294 | 4467240000 | 3.25 |
| sh510300 | 2026-06-15 | 4.86 | 4.92 | 4.92 | 4.84 | 16233007 | 7928410000 | 5.72 |
| sh510300 | 2026-06-12 | 4.81 | 4.82 | 4.85 | 4.79 | 7808859 | 3762000000 | 2.73 |
| sh510300 | 2026-06-11 | 4.77 | 4.75 | 4.79 | 4.72 | 4160688 | 1975530000 | 1.45 |
| sh510300 | 2026-06-10 | 4.79 | 4.78 | 4.81 | 4.75 | 3931623 | 1879210000 | 1.38 |
| sh510300 | 2026-06-09 | 4.76 | 4.83 | 4.83 | 4.74 | 4361645 | 2085590000 | 1.54 |
| sh510300 | 2026-06-08 | 4.79 | 4.74 | 4.81 | 4.71 | 9232724 | 4394320000 | 3.24 |
| sh510300 | 2026-06-05 | 4.91 | 4.84 | 4.95 | 4.83 | 6182927 | 3023260000 | 2.22 |
| sh510300 | 2026-06-04 | 4.92 | 4.93 | 4.96 | 4.91 | 6097283 | 3006710000 | 2.19 |
| sh510300 | 2026-06-03 | 4.94 | 4.97 | 5.02 | 4.93 | 7604619 | 3784500000 | 2.71 |
| sh510300 | 2026-06-02 | 4.87 | 4.94 | 4.96 | 4.86 | 6809437 | 3345670000 | 2.41 |
| sh510300 | 2026-06-01 | 4.92 | 4.87 | 4.94 | 4.86 | 4990927 | 2443100000 | 1.77 |
| sh510300 | 2026-05-29 | 4.95 | 4.92 | 4.98 | 4.9 | 6566854 | 3243450000 | 2.35 |
| sh510300 | 2026-05-28 | 4.92 | 4.93 | 4.95 | 4.87 | 4396498 | 2155080000 | 1.57 |
| sh510300 | 2026-05-27 | 4.96 | 4.93 | 4.99 | 4.91 | 6405215 | 3174580000 | 2.3 |
| sh510300 | 2026-05-26 | 4.91 | 4.97 | 4.98 | 4.91 | 9686752 | 4786810000 | 3.46 |
| sh510300 | 2026-05-25 | 4.88 | 4.94 | 4.94 | 4.87 | 16250559 | 7970990000 | 5.71 |
| sh510300 | 2026-05-22 | 4.83 | 4.86 | 4.87 | 4.81 | 13250518 | 6421620000 | 4.45 |
| sh510300 | 2026-05-21 | 4.9 | 4.81 | 4.95 | 4.8 | 12055773 | 5913220000 | 3.95 |
| sh510300 | 2026-05-20 | 4.85 | 4.87 | 4.88 | 4.84 | 9597201 | 4664420000 | 3.09 |
| sh510300 | 2026-05-19 | 4.84 | 4.87 | 4.87 | 4.79 | 9674999 | 4670190000 | 3.06 |
| sh510300 | 2026-05-18 | 4.86 | 4.85 | 4.89 | 4.82 | 5835764 | 2832450000 | 1.81 |
| sh510300 | 2026-05-15 | 4.94 | 4.88 | 4.95 | 4.85 | 10479024 | 5135150000 | 3.26 |
| sh510300 | 2026-05-14 | 5.04 | 4.94 | 5.04 | 4.93 | 10281646 | 5118660000 | 3.2 |
| sh510300 | 2026-05-13 | 4.94 | 5.02 | 5.02 | 4.94 | 12726150 | 6331250000 | 3.89 |
| sh510300 | 2026-05-12 | 4.98 | 4.96 | 4.99 | 4.94 | 10021705 | 4976360000 | 3 |
| sh510300 | 2026-05-11 | 4.91 | 4.97 | 4.98 | 4.9 | 21165218 | 10456510000 | 6.24 |
| sh510300 | 2026-05-08 | 4.89 | 4.89 | 4.9 | 4.86 | 12535649 | 6121160000 | 3.55 |
| sh510300 | 2026-05-07 | 4.91 | 4.91 | 4.91 | 4.88 | 20946226 | 10262730000 | 5.79 |
| sh510300 | 2026-05-06 | 4.87 | 4.89 | 4.91 | 4.85 | 18677828 | 9131470000 | 4.92 |
| sh510300 | 2026-04-30 | 4.83 | 4.82 | 4.84 | 4.81 | 16517864 | 7965710000 | 4.32 |
| sh510300 | 2026-04-29 | 4.76 | 4.82 | 4.83 | 4.76 | 12796798 | 6139310000 | 3.21 |
| sh510300 | 2026-04-28 | 4.77 | 4.77 | 4.79 | 4.76 | 8644202 | 4125810000 | 2.17 |
| sh510300 | 2026-04-27 | 4.79 | 4.78 | 4.81 | 4.77 | 9280360 | 4443760000 | 2.3 |
| sz159650 | 2026-08-20 | 107.944 | 107.948 | 107.951 | 107.943 | 5779 | 62383699 | 1.18 |
| sz159650 | 2026-08-19 | 107.95 | 107.95 | 107.95 | 107.94 | 147071 | 1587560000 | 30.14 |
| sz159650 | 2026-08-18 | 107.93 | 107.94 | 107.94 | 107.93 | 6660 | 71890000 | 1.36 |
| sz159650 | 2026-08-17 | 107.93 | 107.93 | 107.93 | 107.93 | 4055 | 43770000 | 0.83 |
| sz159650 | 2026-08-14 | 107.92 | 107.93 | 107.93 | 107.92 | 151352 | 1633510000 | 30.97 |
| sz159650 | 2026-08-13 | 107.9 | 107.91 | 107.92 | 107.9 | 5033 | 54310000 | 1.03 |
| sz159650 | 2026-08-12 | 107.9 | 107.9 | 107.9 | 107.9 | 7597 | 81970000 | 1.55 |
| sz159650 | 2026-08-11 | 107.9 | 107.9 | 107.9 | 107.89 | 11981 | 129270000 | 2.43 |
| sz159650 | 2026-08-10 | 107.9 | 107.9 | 107.9 | 107.89 | 23427 | 252760000 | 4.67 |
| sz159650 | 2026-08-07 | 107.88 | 107.89 | 107.9 | 107.88 | 8806 | 95010000 | 1.75 |
| sz159650 | 2026-08-06 | 107.88 | 107.87 | 107.88 | 107.87 | 12824 | 138330000 | 2.54 |
| sz159650 | 2026-08-05 | 107.87 | 107.88 | 107.88 | 107.87 | 9292 | 100240000 | 1.83 |
| sz159650 | 2026-08-04 | 107.87 | 107.87 | 107.87 | 107.86 | 13516 | 145790000 | 2.64 |
| sz159650 | 2026-08-03 | 107.87 | 107.86 | 107.88 | 107.86 | 21588 | 232870000 | 4.28 |
| sz159650 | 2026-07-31 | 107.85 | 107.87 | 107.88 | 107.85 | 7223 | 77910000 | 1.43 |
| sz159650 | 2026-07-30 | 107.84 | 107.85 | 107.85 | 107.81 | 3865 | 41680000 | 0.76 |
| sz159650 | 2026-07-29 | 107.84 | 107.84 | 107.86 | 107.84 | 7623 | 82200000 | 1.5 |
| sz159650 | 2026-07-28 | 107.83 | 107.83 | 107.86 | 107.83 | 4537 | 48930000 | 0.9 |
| sz159650 | 2026-07-27 | 107.84 | 107.85 | 107.86 | 107.84 | 19793 | 213480000 | 4 |
| sz159650 | 2026-07-24 | 107.85 | 107.85 | 107.89 | 107.84 | 7206 | 77710000 | 1.46 |
| sz159650 | 2026-07-23 | 107.85 | 107.85 | 107.86 | 107.84 | 18225 | 196560000 | 3.75 |
| sz159650 | 2026-07-22 | 107.82 | 107.85 | 107.85 | 107.81 | 13064 | 140870000 | 2.7 |
| sz159650 | 2026-07-21 | 107.82 | 107.82 | 107.82 | 107.81 | 5313 | 57280000 | 1.1 |
| sz159650 | 2026-07-20 | 107.82 | 107.82 | 107.82 | 107.81 | 148519 | 1601310000 | 30.41 |
| sz159650 | 2026-07-17 | 107.81 | 107.81 | 107.82 | 107.81 | 8328 | 89790000 | 1.71 |
| sz159650 | 2026-07-16 | 107.82 | 107.8 | 107.82 | 107.8 | 6001 | 64700000 | 1.23 |
| sz159650 | 2026-07-15 | 107.81 | 107.81 | 107.84 | 107.81 | 112106 | 1208610000 | 23.02 |
| sz159650 | 2026-07-14 | 107.82 | 107.81 | 107.83 | 107.81 | 6452 | 69560000 | 1.33 |
| sz159650 | 2026-07-13 | 107.81 | 107.82 | 107.83 | 107.81 | 19850 | 214020000 | 4.15 |
| sz159650 | 2026-07-10 | 107.8 | 107.81 | 107.81 | 107.8 | 9067 | 97750000 | 1.9 |
| sz159650 | 2026-07-09 | 107.82 | 107.79 | 107.82 | 107.79 | 5154 | 55570000 | 1.08 |
| sz159650 | 2026-07-08 | 107.81 | 107.81 | 107.83 | 107.81 | 14390 | 155150000 | 3.04 |
| sz159650 | 2026-07-07 | 107.81 | 107.81 | 107.83 | 107.79 | 8468 | 91300000 | 1.79 |
| sz159650 | 2026-07-06 | 107.8 | 107.81 | 107.82 | 107.8 | 10043 | 108270000 | 2.12 |
| sz159650 | 2026-07-03 | 107.81 | 107.8 | 107.81 | 107.78 | 16897 | 182130000 | 3.57 |
| sz159650 | 2026-07-02 | 107.8 | 107.8 | 107.81 | 107.78 | 13354 | 143940000 | 2.76 |
| sz159650 | 2026-07-01 | 107.8 | 107.78 | 107.81 | 107.78 | 9767 | 105280000 | 1.67 |
| sz159650 | 2026-06-30 | 107.81 | 107.8 | 107.81 | 107.8 | 28599 | 308290000 | 4.9 |
| sz159650 | 2026-06-29 | 107.79 | 107.79 | 107.8 | 107.78 | 62864 | 677560000 | 12.62 |
| sz159650 | 2026-06-26 | 107.77 | 107.78 | 107.78 | 107.77 | 7849 | 84590000 | 1.58 |
| sz159650 | 2026-06-25 | 107.76 | 107.76 | 107.77 | 107.73 | 4652 | 50130000 | 0.93 |
| sz159650 | 2026-06-24 | 107.73 | 107.76 | 107.77 | 107.73 | 15334 | 165230000 | 3.1 |
| sz159650 | 2026-06-23 | 107.74 | 107.73 | 107.74 | 107.72 | 6128 | 66020000 | 1.24 |
| sz159650 | 2026-06-22 | 107.71 | 107.72 | 107.72 | 107.71 | 7243 | 78020000 | 1.46 |
| sz159650 | 2026-06-18 | 107.71 | 107.72 | 107.72 | 107.7 | 6807 | 73320000 | 1.37 |
| sz159650 | 2026-06-17 | 107.69 | 107.7 | 107.7 | 107.68 | 7954 | 85650000 | 1.6 |
| sz159650 | 2026-06-16 | 107.66 | 107.68 | 107.68 | 107.66 | 6010 | 64710000 | 1.21 |
| sz159650 | 2026-06-15 | 107.64 | 107.66 | 107.66 | 107.64 | 4150 | 44680000 | 0.84 |
| sz159650 | 2026-06-12 | 107.66 | 107.65 | 107.68 | 107.65 | 4982 | 53630000 | 1 |
| sz159650 | 2026-06-11 | 107.69 | 107.66 | 107.69 | 107.66 | 7214 | 77670000 | 1.39 |
| sz159650 | 2026-06-10 | 107.72 | 107.7 | 107.72 | 107.69 | 7633 | 82210000 | 1.47 |
| sz159650 | 2026-06-09 | 107.71 | 107.7 | 107.71 | 107.7 | 6922 | 74550000 | 1.34 |
| sz159650 | 2026-06-08 | 107.7 | 107.71 | 107.72 | 107.7 | 63910 | 688360000 | 12.44 |
| sz159650 | 2026-06-05 | 107.7 | 107.71 | 107.72 | 107.7 | 9988 | 107580000 | 1.96 |
| sz159650 | 2026-06-04 | 107.71 | 107.7 | 107.71 | 107.7 | 6376 | 68670000 | 1.25 |
| sz159650 | 2026-06-03 | 107.69 | 107.71 | 107.71 | 107.69 | 13661 | 147120000 | 2.68 |
| sz159650 | 2026-06-02 | 107.69 | 107.69 | 107.69 | 107.68 | 19235 | 207140000 | 3.73 |
| sz159650 | 2026-06-01 | 107.7 | 107.69 | 107.7 | 107.66 | 14773 | 159090000 | 2.87 |
| sz159650 | 2026-05-29 | 107.68 | 107.7 | 107.7 | 107.68 | 22378 | 240990000 | 4.42 |
| sz159650 | 2026-05-28 | 107.7 | 107.7 | 107.71 | 107.67 | 6118 | 65880000 | 1.27 |
| sz159650 | 2026-05-27 | 107.66 | 107.67 | 107.67 | 107.65 | 7638 | 82650000 | 1.59 |
| sz159650 | 2026-05-26 | 107.64 | 107.65 | 107.66 | 107.64 | 13058 | 141280000 | 2.72 |
| sz159650 | 2026-05-25 | 107.65 | 107.64 | 107.66 | 107.63 | 6704 | 72530000 | 1.4 |
| sz159650 | 2026-05-22 | 107.65 | 107.65 | 107.65 | 107.64 | 88930 | 962110000 | 18.58 |
| sz159650 | 2026-05-21 | 107.64 | 107.65 | 107.65 | 107.63 | 8390 | 90770000 | 1.75 |
| sz159650 | 2026-05-20 | 107.62 | 107.65 | 107.65 | 107.62 | 6014 | 65050000 | 1.26 |
| sz159650 | 2026-05-19 | 107.62 | 107.62 | 107.63 | 107.61 | 127016 | 1373800000 | 26.61 |
| sz159650 | 2026-05-18 | 107.6 | 107.61 | 107.61 | 107.59 | 10589 | 114510000 | 2.22 |
| sz159650 | 2026-05-15 | 107.59 | 107.6 | 107.61 | 107.58 | 11037 | 119350000 | 2.32 |
| sz159650 | 2026-05-14 | 107.57 | 107.57 | 107.58 | 107.56 | 8051 | 87040000 | 1.69 |
| sz159650 | 2026-05-13 | 107.57 | 107.57 | 107.58 | 107.56 | 11622 | 125650000 | 2.43 |
| sz159650 | 2026-05-12 | 107.56 | 107.56 | 107.56 | 107.55 | 18182 | 196540000 | 3.75 |
| sz159650 | 2026-05-11 | 107.53 | 107.55 | 107.55 | 107.53 | 15970 | 172610000 | 3.25 |
| sz159650 | 2026-05-08 | 107.52 | 107.52 | 107.54 | 107.52 | 18634 | 201370000 | 3.79 |
| sz159650 | 2026-05-07 | 107.5 | 107.5 | 107.5 | 107.49 | 12540 | 135480000 | 2.54 |
| sz159650 | 2026-05-06 | 107.52 | 107.49 | 107.52 | 107.46 | 18896 | 204130000 | 3.81 |
| sz159650 | 2026-04-30 | 107.52 | 107.53 | 107.53 | 107.52 | 34604 | 373970000 | 7.07 |
| sz159650 | 2026-04-29 | 107.48 | 107.5 | 107.5 | 107.48 | 20839 | 225150000 | 4.26 |
| sz159650 | 2026-04-28 | 107.48 | 107.48 | 107.49 | 107.48 | 4497 | 48580000 | 0.92 |
| sz159650 | 2026-04-27 | 107.5 | 107.48 | 107.5 | 107.47 | 6318 | 68260000 | 1.3 |
| sh603259 | 2026-08-20 | 171 | 167.9 | 173.6 | 165.97 | 859114 | 14589305368 | 3.47 |
| sh603259 | 2026-08-19 | 167 | 164 | 168.5 | 162.4 | 557916 | 9187280000 | 2.26 |
| sh603259 | 2026-08-18 | 165.1 | 167.18 | 168.7 | 163.5 | 503781 | 8366780000 | 2.04 |
| sh603259 | 2026-08-17 | 159 | 166.89 | 168.38 | 157.4 | 689433 | 11365470000 | 2.79 |
| sh603259 | 2026-08-14 | 160.5 | 159.24 | 163 | 157.5 | 545901 | 8723220000 | 2.21 |
| sh603259 | 2026-08-13 | 158.9 | 162.33 | 164.8 | 157.15 | 742253 | 12028290000 | 3 |
| sh603259 | 2026-08-12 | 159.21 | 159.04 | 161.96 | 158.08 | 670272 | 10694050000 | 2.71 |
| sh603259 | 2026-08-11 | 160.41 | 160.21 | 165.8 | 157.77 | 920758 | 14939160000 | 3.72 |
| sh603259 | 2026-08-10 | 159.99 | 161.34 | 166.66 | 157.93 | 1265362 | 20424750000 | 5.12 |
| sh603259 | 2026-08-07 | 144.56 | 154.82 | 155.48 | 142.2 | 927227 | 13955600000 | 3.75 |
| sh603259 | 2026-08-06 | 148.82 | 142.7 | 149.37 | 141.45 | 775094 | 11197820000 | 3.13 |
| sh603259 | 2026-08-05 | 143.96 | 147.5 | 150 | 141.47 | 1344755 | 19740160000 | 5.44 |
| sh603259 | 2026-08-04 | 137.49 | 141.35 | 141.35 | 136.2 | 747059 | 10502730000 | 3.02 |
| sh603259 | 2026-08-03 | 129.2 | 128.5 | 132.38 | 126.15 | 623890 | 8018940000 | 2.52 |
| sh603259 | 2026-07-31 | 123 | 128.43 | 130.23 | 122.5 | 570793 | 7285950000 | 2.31 |
| sh603259 | 2026-07-30 | 126.6 | 125.48 | 126.63 | 121.41 | 560173 | 6936510000 | 2.26 |
| sh603259 | 2026-07-29 | 127.78 | 126.5 | 127.8 | 123.25 | 547765 | 6917900000 | 2.21 |
| sh603259 | 2026-07-28 | 123.3 | 123.02 | 125.25 | 122.17 | 334767 | 4125140000 | 1.35 |
| sh603259 | 2026-07-27 | 127 | 124.66 | 128 | 122.17 | 447049 | 5590960000 | 1.81 |
| sh603259 | 2026-07-24 | 127.45 | 125 | 128.45 | 123.66 | 443756 | 5571210000 | 1.79 |
| sh603259 | 2026-07-23 | 126 | 127.45 | 129.18 | 124.22 | 468445 | 5932340000 | 1.89 |
| sh603259 | 2026-07-22 | 125.12 | 125.9 | 130.9 | 124.41 | 602588 | 7713830000 | 2.44 |
| sh603259 | 2026-07-21 | 126 | 126.45 | 126.83 | 120.8 | 648280 | 8016850000 | 2.62 |
| sh603259 | 2026-07-20 | 117.74 | 124.22 | 124.78 | 117.01 | 691940 | 8484730000 | 2.8 |
| sh603259 | 2026-07-17 | 126.79 | 117.89 | 127.99 | 117.7 | 861483 | 10414950000 | 3.48 |
| sh603259 | 2026-07-16 | 128.2 | 127 | 131.4 | 125 | 837022 | 10692840000 | 3.38 |
| sh603259 | 2026-07-15 | 127.62 | 131.5 | 135.17 | 127.62 | 1149977 | 15181000000 | 4.65 |
| sh603259 | 2026-07-14 | 118.88 | 127.51 | 127.75 | 117.92 | 750924 | 9326280000 | 3.04 |
| sh603259 | 2026-07-13 | 123.21 | 120.24 | 124.2 | 119.26 | 553876 | 6711400000 | 2.24 |
| sh603259 | 2026-07-10 | 120 | 123.3 | 126.73 | 120 | 683076 | 8472890000 | 2.76 |
| sh603259 | 2026-07-09 | 115.01 | 121.07 | 121.43 | 114.52 | 583217 | 6939670000 | 2.36 |
| sh603259 | 2026-07-08 | 118.39 | 115.4 | 120.25 | 115.31 | 509875 | 5974120000 | 2.06 |
| sh603259 | 2026-07-07 | 120.5 | 118.3 | 122.95 | 118.01 | 665947 | 7981710000 | 2.69 |
| sh603259 | 2026-07-06 | 123.01 | 122.97 | 128.05 | 122 | 921698 | 11519020000 | 3.73 |
| sh603259 | 2026-07-03 | 123.6 | 124.12 | 125.06 | 119.52 | 712822 | 8753820000 | 2.88 |
| sh603259 | 2026-07-02 | 123.85 | 121.3 | 129.15 | 121 | 844699 | 10463370000 | 3.42 |
| sh603259 | 2026-07-01 | 123 | 125.2 | 126.66 | 115.58 | 1124768 | 13555150000 | 4.55 |
| sh603259 | 2026-06-30 | 125 | 124.51 | 126.8 | 123 | 793759 | 9910470000 | 3.21 |
| sh603259 | 2026-06-29 | 117.21 | 126.17 | 126.8 | 116.8 | 1030535 | 12743790000 | 4.17 |
| sh603259 | 2026-06-26 | 119 | 118.18 | 121.07 | 116.96 | 684942 | 8135340000 | 2.77 |
| sh603259 | 2026-06-25 | 114 | 117.22 | 118.5 | 113.23 | 764344 | 8889580000 | 3.09 |
| sh603259 | 2026-06-24 | 106.9 | 115.4 | 116.94 | 106.9 | 1098058 | 12565510000 | 4.44 |
| sh603259 | 2026-06-23 | 107 | 106.31 | 109.36 | 105.76 | 525084 | 5648000000 | 2.12 |
| sh603259 | 2026-06-22 | 103.16 | 106.83 | 106.97 | 101.7 | 571962 | 5970630000 | 2.31 |
| sh603259 | 2026-06-18 | 97.8 | 102.72 | 104.33 | 97.72 | 569423 | 5799270000 | 2.3 |
| sh603259 | 2026-06-17 | 98.26 | 98.2 | 98.79 | 96.5 | 273505 | 2675450000 | 1.11 |
| sh603259 | 2026-06-16 | 98.83 | 98.16 | 100 | 98 | 271703 | 2679770000 | 1.1 |
| sh603259 | 2026-06-15 | 99.1 | 99.37 | 99.76 | 97.84 | 367699 | 3629090000 | 1.49 |
| sh603259 | 2026-06-12 | 97.5 | 99.71 | 99.9 | 95.09 | 612700 | 6018410000 | 2.48 |
| sh603259 | 2026-06-11 | 96.01 | 97.07 | 97.6 | 95.53 | 329181 | 3180120000 | 1.33 |
| sh603259 | 2026-06-10 | 93.35 | 97.04 | 97.36 | 93.2 | 576466 | 5540200000 | 2.33 |
| sh603259 | 2026-06-09 | 93.88 | 93.48 | 93.88 | 88.32 | 824478 | 7550310000 | 3.33 |
| sh603259 | 2026-06-08 | 95.72 | 96 | 97.31 | 94.06 | 458456 | 4372310000 | 1.85 |
| sh603259 | 2026-06-05 | 98.38 | 96.56 | 100.24 | 96.03 | 424532 | 4164380000 | 1.72 |
| sh603259 | 2026-06-04 | 98.25 | 96.75 | 99.18 | 96.4 | 332222 | 3231200000 | 1.34 |
| sh603259 | 2026-06-03 | 99.37 | 98.85 | 100.3 | 98 | 341714 | 3386230000 | 1.38 |
| sh603259 | 2026-06-02 | 99.98 | 99.75 | 100.56 | 96.08 | 384078 | 3778550000 | 1.55 |
| sh603259 | 2026-06-01 | 101.63 | 99.99 | 104.39 | 99.26 | 529033 | 5365650000 | 2.14 |
| sh603259 | 2026-05-29 | 100.8 | 101.6 | 103.46 | 99.44 | 570781 | 5807100000 | 2.31 |
| sh603259 | 2026-05-28 | 100.9 | 99.22 | 101.4 | 98.22 | 337441 | 3399180000 | 1.36 |
| sh603259 | 2026-05-27 | 102.42 | 101.05 | 102.7 | 99.51 | 372197 | 3821990000 | 1.5 |
| sh603259 | 2026-05-26 | 100.42 | 102.53 | 102.77 | 99.03 | 390969 | 4020850000 | 1.58 |
| sh603259 | 2026-05-25 | 101.42 | 100.97 | 102.42 | 99.72 | 311856 | 3189240000 | 1.26 |
| sh603259 | 2026-05-22 | 103.8 | 102.4 | 103.87 | 101 | 332227 | 3448080000 | 1.34 |
| sh603259 | 2026-05-21 | 101.53 | 102.65 | 106.05 | 101.15 | 583266 | 6170200000 | 2.36 |
| sh603259 | 2026-05-20 | 99.82 | 101.52 | 102.97 | 99.63 | 325473 | 3341900000 | 1.32 |
| sh603259 | 2026-05-19 | 100.42 | 100.21 | 102.21 | 99.62 | 284165 | 2899640000 | 1.15 |
| sh603259 | 2026-05-18 | 101.32 | 100.47 | 102.24 | 99.74 | 274709 | 2804950000 | 1.11 |
| sh603259 | 2026-05-15 | 103.19 | 101.55 | 104.27 | 101.04 | 394487 | 4106630000 | 1.59 |
| sh603259 | 2026-05-14 | 108.42 | 101.43 | 109.79 | 101.42 | 601413 | 6382540000 | 2.43 |
| sh603259 | 2026-05-13 | 108.86 | 107.34 | 109.58 | 106.36 | 351526 | 3821310000 | 1.42 |
| sh603259 | 2026-05-12 | 106.42 | 108.75 | 111.58 | 106.16 | 649941 | 7187970000 | 2.63 |
| sh603259 | 2026-05-11 | 105.07 | 107.14 | 107.4 | 103.92 | 539195 | 5778560000 | 2.18 |
| sh603259 | 2026-05-08 | 108.43 | 105.22 | 108.62 | 105.12 | 455336 | 4896190000 | 1.84 |
| sh603259 | 2026-05-07 | 108.16 | 109.7 | 110.73 | 107.62 | 480968 | 5338830000 | 1.94 |
| sh603259 | 2026-05-06 | 110.05 | 107.42 | 110.16 | 106.42 | 540922 | 5903890000 | 2.19 |
| sh603259 | 2026-04-30 | 108.42 | 107.97 | 109.43 | 105.04 | 596825 | 6505560000 | 2.41 |
| sh603259 | 2026-04-29 | 109.42 | 109.6 | 112.92 | 108.34 | 1040522 | 11598970000 | 4.21 |
| sh603259 | 2026-04-28 | 108.92 | 108.99 | 108.99 | 106.44 | 538372 | 5924750000 | 2.18 |
| sh603259 | 2026-04-27 | 98.38 | 98.94 | 99.61 | 97.58 | 322196 | 3230780000 | 1.3 |
